0.69
0.78
0.85
0.74
0.53
0.72
0.57
0.79
0.57
0.52
0.6759999999999999
0.45
0.41
0.64
0.65
0.83
0.91
0.54
0.97
0.85
0.71
0.95
0.51
0.39
0.74
0.82
0.8
0.88
0.82
0.93
0.97
0.7385000000000002
0.59
0.64
0.6
0.61
0.24
0.24
0.22
0.19
0.19
0.21599999999999997
0.26
0.1
0.25
0.33
0.04
0.22
0.11
0.4
0.04
0.27
0.202
0.19
0.27
0.04
0.09
0.3
0.06
0.05
0.27
0.19
0.09
0.2
0.2
0.1
0.09
0.26
0.07
0.2
0.04
0.21
0.17
0.15449999999999997
0.23
0.43
0.25
0.30333333333333334
0.05
0.06
0.09
0.04
0.05
0.05800000000000001
0.33
0.35
0.61
0.57
0.2
0.44
0.28
0.62
0.33
0.12
0.38500000000000006
0.42
0.44
0.36
0.25
0.59
0.62
0.66
0.42
0.31
0.48
0.73
0.46
0.19
0.41
0.61
0.57
0.36
0.54
0.54
0.59
0.47750000000000004
0.32
0.36
0.3
0.32666666666666666
0.07
0.06
0.12
0.03
0.11
0.078
0.54
0.62
0.41
0.67
0.5
0.69
0.42
0.65
0.49
0.27
0.526
0.53
0.59
0.63
0.33
0.65
0.84
0.95
0.95
0.87
0.77
0.79
0.47
0.45
0.67
0.62
0.82
0.83
0.78
0.88
0.69
0.7054999999999999
0.47
0.55
0.57
0.5299999999999999
0.18
0.05
0.14
0.13
0.14
0.128
